4.806,
6.801,
4.328,
4.328,
5.422,
6.080,
6.752,
3.771,
5.154,
5.801,
6.224,
6.167,
3.713,
4.191,
5.942,
4.092,
5.952,
4.035,
3.610,
4.273,
5.319,
3.977,
6.345,
4.513,
3.181,
4.181,
4.650,
5.072,
4.225,
3.583,
5.479,
6.225,
4.566,
3.876,
5.648,
3.689,
6.458,
4.545,
4.797,
4.956,
3.107,
4.828,
3.391,
5.389,
4.275,
5.442,
4.310,
4.149,
3.297,
4.053,
3.167,
6.112,
3.615,
4.271,
5.537,
6.411,
4.540,
4.991,
3.603,
4.278,
6.414,
6.399,
3.746,
5.623,
3.759,
4.490,
3.134,
4.680,
6.765,
5.273,
3.178,
6.181,
3.118,
6.767,
5.037,
6.236,
6.618,
3.158,
6.704,
6.705,
4.431,
6.132,
5.962,
3.385,
4.547,
3.652,
6.661,
4.259,
6.052,
4.622,
6.231,
5.704,
5.177,
5.626,
3.801,
3.520,
5.582,
3.612,
5.784,
3.375,
3.481,
6.461,
6.303,
5.296,
5.771,
5.980,
6.484,
5.543,
4.628,
4.647,
3.710,
6.928,
4.939,
6.503,
6.520,
5.837,
4.231,
5.969,
4.276,
4.694,
5.942,
4.290,
5.563,
6.300,
4.836,
4.600,
6.340,
4.103,
6.161,
6.411,
6.771,
3.943,
5.102,
5.923,
3.604,
3.406,
6.924,
5.354,
4.207,
3.676,
4.351,
3.661,
5.167,
3.053,
4.203,
6.496,
6.615,
6.222,
6.296,
5.391,
6.930,
5.307,
5.225,
6.977,
6.131,
6.125,
5.953,
5.079,
5.858,
6.622,
6.677,
4.496,
3.854,
4.567,
6.435,
3.693,
6.508,
4.384,
3.431,
5.092,
6.592,
6.863,
3.724,
6.147,
4.418,
4.176,
4.733,
4.009,
3.448,
6.616,
4.183,
3.519,
3.241,
6.673,
5.052,
4.341,
3.411,
4.225,
4.054,
3.073,
6.788,
6.516,
3.040,
3.777,
3.678,
4.398,
6.549,
3.417,
3.156,
3.529,
6.154,
5.783,
6.805,
5.368,
4.150,
3.952,
3.805,
5.635,
3.463,
5.807,
6.443,
4.206,
3.364,
5.085,
5.394,
3.729,
6.508,
6.814,
6.620,
5.480,
4.224,
3.980,
3.856,
4.636,
5.439,
6.605,
6.202,
3.738,
6.403,
6.181,
3.684,
4.095,
4.370,
6.298,
4.583,
3.774,
3.648,
6.835,
3.963,
6.170,
6.923,
4.526,
6.658,
5.775,
5.448,
3.509,
6.625,
6.057,
5.686,
6.236,
3.641,
5.289,
4.614,
4.705,
6.770,
5.952,
5.403,
5.746,
4.088,
6.913,
3.166,
4.948,
4.082,
3.542,
4.016,
6.546,
3.180,
4.126,
4.056,
5.696,
4.176,
5.779,
3.737,
3.885,
4.190,
6.130,
3.840,
3.369,
5.366,
5.898,
6.163,
6.508,
6.271,
5.986,
3.120,
5.710,
5.864,
4.074,
3.853,
6.471,
3.700,
5.395,
6.535,
5.555,
5.924,
4.590,
6.886,
4.981,
4.377,
6.315,
6.819,
6.570,
6.062,
6.742,
6.321,
4.691,
5.274,
6.057,
5.464,
3.393,
6.720,
4.810,
3.494,
5.869,
5.053,
3.263,
5.583,
4.513,
6.906,
5.145,
4.305,
3.538,
3.256,
6.609,
3.389,
4.750,
5.046,
6.089,
5.468,
3.347,
5.350,
6.670,
3.937,
6.172,
6.166,
5.235,
4.657,
6.991,
5.461,
6.116,
6.987,
6.790,
3.207,
6.483,
3.660,
3.738,
6.159,
3.465,
3.371,
6.579,
5.218,
4.388,
3.501,
4.998,
6.672,
4.645,
4.969,
4.240,
5.104,
3.349,
5.838,
6.688,
3.873,
4.667,
4.669,
5.252,
3.947,
6.214,
6.419,
3.082,
4.071,
4.876,
3.990,
6.096,
5.815,
4.231,
6.058,
4.636,
5.101,
6.745,
5.665,
3.521,
4.213,
3.483,
6.140,
4.652,
6.203,
3.098,
5.719,
6.684,
4.833,
5.401,
4.388,
4.555,
6.261,
6.454,
4.397,
4.087,
3.241,
5.756,
4.554,
5.319,
4.802,
3.262,
3.059,
5.383,
3.279,
6.942,
6.534,
3.099,
3.429,
6.258,
5.489,
4.231,
4.852,
5.583,
3.050,
4.396,
6.182,
4.359,
3.777,
5.319,
3.620,
5.944,
4.229,
4.634,
5.126,
6.185,
6.403,
5.337,
3.998,
6.534,
6.563,
4.596,
3.967,
3.936,
4.282,
6.640,
4.407,
5.808,
4.557,
6.120,
3.783,
5.169,
3.967,
4.192,
5.749,
4.772,
4.052,
6.494,
3.790,
4.842,
6.845,
5.468,
6.837,
6.987,
6.760,
3.426,
5.945,
4.584,
4.557,
5.941,
4.409,
3.298,
6.954,
4.356,
5.265,
5.567,
3.871,
3.105,
6.006,
4.408,
4.736,
4.062,
5.437,
4.824,
6.179,
3.585,
5.581,
5.773,
4.416,
5.131,
3.788,
3.887,
6.408,
3.607,
5.677,
6.881,
5.879,
4.772,
3.773,
3.216,
5.934,
5.068,
3.438,
4.053,
6.748,
5.310,
3.532,
4.883,
5.412,
6.316,
6.900,
3.160,
5.500,
5.239,
5.621,
6.792,
6.209,
5.030,
5.769,
4.590,
3.806,
5.832,
5.746,
5.708,
5.697,
6.157,
6.140,
4.345,
4.564,
3.547,
5.196,
6.603,
4.562,
4.048,
4.000,
3.116,
6.775,
3.262,
6.656,
3.287,
3.085,
6.265,
3.791,
4.494,
5.621,
3.782,
5.916,
4.278,
5.568,
4.180,
6.152,
5.125,
6.374,
3.503,
6.228,
3.874,
4.583,
5.255,
4.339,
4.413,
3.276,
3.625,
5.755,
6.985,
5.149,
4.115,
6.313,
6.265,
4.793,
4.531,
3.286,
5.625,
6.956,
3.407,
5.604,
4.493,
4.662,
3.219,
3.775,
4.590,
6.513,
3.760,
5.748,
4.928,
3.735,
3.644,
6.828,
3.838,
3.791,
4.466,
3.093,
5.080,
4.351,
6.733,
4.513,
5.692,
5.984,
3.929,
5.342,
4.977,
3.017,
4.810,
3.847,
6.624,
4.880,
4.581,
6.854,
3.015,
5.745,
5.425,
3.284,
4.303,
5.744,
5.085,
3.942,
5.629,
6.090,
5.455,
3.110,
5.342,
6.398,
4.855,
6.764,
5.520,
4.881,
5.614,
6.248,
5.271,
5.710,
4.088,
6.420,
4.520,
5.505,
5.403,
5.114,
5.654,
5.854,
5.536,
4.586,
4.873,
4.850,
4.497,
4.207,
4.635,
3.749,
4.999,
5.057,
4.778,
3.537,
5.542,
5.403,
5.177,
6.685,
6.728,
6.216,
4.773,
5.441,
5.227,
5.481,
3.085,
3.308,
6.320,
6.961,
6.755,
3.413,
4.472,
3.153,
4.006,
6.944,
6.594,
4.276,
5.830,
3.550,
5.551,
5.775,
6.698,
5.031,
4.385,
5.600,
5.609,
5.128,
5.046,
4.754,
4.892,
4.378,
3.712,
6.766,
6.951,
3.956,
5.618,
6.642,
4.572,
4.505,
3.407,
5.509,
6.609,
4.553,
5.576,
5.858,
6.188,
3.912,
5.469,
6.288,
4.790,
6.043,
4.904,
4.457,
3.346,
6.001,
6.473,
5.664,
4.884,
3.029,
5.947,
4.763,
6.723,
6.905,
5.291,
3.041,
5.830,
6.941,
6.098,
6.811,
3.397,
5.444,
6.893,
6.766,
6.390,
3.919,
6.051,
3.452,
6.098,
3.680,
4.722,
6.407,
4.297,
6.743,
4.274,
5.316,
6.419,
3.958,
4.188,
6.013,
6.722,
3.620,
6.503,
6.386,
4.069,
5.773,
3.664,
5.902,
4.286,
6.169,
6.111,
3.314,
4.730,
3.037,
5.964,
6.418,
3.617,
5.166,
3.025,
4.944,
3.748,
6.603,
3.385,
3.687,
4.116,
5.709,
6.879,
6.379,
3.506,
6.536,
6.971,
3.937,
4.228,
3.827,
4.219,
3.070,
3.591,
4.305,
4.789,
5.716,
4.094,
3.929,
6.525,
4.364,
4.935,
3.562,
5.954,
4.321,
4.276,
6.460,
5.259,
4.418,
4.005,
4.882,
6.130,
4.078,
4.712,
3.768,
6.946,
4.800,
5.304,
3.930,
3.830,
3.767,
6.267,
3.415,
6.585,
6.912,
4.416,
4.379,
3.129,
4.512,
6.775,
5.641,
6.433,
6.760,
3.912,
5.663,
4.714,
3.866,
3.636,
6.796,
6.099,
5.386,
4.860,
6.620,
3.208,
6.195,
5.918,
4.936,
5.167,
5.493,
6.479,
3.634,
6.495,
6.136,
3.112,
6.327,
4.121,
5.701,
5.100,
4.746,
6.070,
6.230,
5.701,
3.844,
4.111,
6.945,
3.676,
4.479,
6.161,
6.195,
6.031,
3.234,
6.326,
4.431,
6.567,
4.835,
3.284,
4.760,
6.047,
4.809,
4.309,
5.353,
5.808,
4.943,
6.997,
4.283,
4.326,
3.823,
5.296,
4.294,
3.312,
3.916,
5.256,
3.505,
5.655,
5.476,
5.133,
6.670,
3.088,
3.555,
5.038,
4.303,
5.318,
4.726,
5.526,
4.236,
6.254,
4.871,
6.281,
6.357,
6.034,
3.619,
5.751,
4.422,
6.938,
3.270,
4.117,
3.427,
5.806,
4.112,
3.069,
4.781,
3.151,
6.969,
6.991,
3.523,
5.180,
3.128,
3.269,
6.614,
6.361,
5.202,
6.068,
6.031,
5.829,
3.033,
3.236,
5.397,
4.922,
5.109,
6.595,
4.124,
4.175,
5.126,
4.660,
4.729,
4.049,
5.964,
5.819,
6.277,
5.903,
3.055,
6.635,
5.978,
4.021,
4.968,
3.970,
4.157,
5.015,
6.532,
6.027,
5.734,
6.047,
5.810,
5.467,
5.997,
3.775,
4.779,
5.106,
3.182,
3.379,
3.958,
5.108,
3.486,
3.078,
5.302,
6.165,
5.477,
4.607,
4.033,
5.203,
6.037,
3.822,
4.764,
6.714,
5.362,
6.833,
4.241,
6.196,
4.362,
4.366,
5.878,
5.652,
4.487,
6.801,
5.270,
6.180,
3.396,
3.203,
6.450,
6.875,
3.896,
6.682,
3.998,
5.054,
5.010,
4.980,
5.866,
4.897,
6.152,
3.266,
6.771,
4.421,
3.071,
5.331,
6.113,
6.067,
5.399,
6.657,
3.489,
3.916,
5.798,
4.511,
