28.005,
25.625,
27.547,
26.657,
29.996,
29.441,
26.633,
26.485,
24.913,
25.552,
24.999,
27.571,
29.844,
23.685,
25.435,
24.099,
28.928,
29.344,
30.721,
26.968,
27.770,
30.633,
28.481,
24.996,
27.337,
28.025,
23.262,
24.009,
30.078,
23.393,
29.236,
27.855,
25.881,
24.125,
24.547,
30.555,
27.606,
28.007,
29.652,
26.549,
28.817,
29.551,
25.284,
28.253,
24.896,
25.762,
28.585,
27.659,
28.451,
28.708,
27.198,
25.034,
28.174,
29.350,
30.627,
25.013,
26.159,
27.847,
26.431,
25.448,
26.001,
23.658,
26.887,
23.241,
23.980,
28.030,
24.954,
23.233,
30.225,
24.966,
23.260,
26.539,
26.505,
23.085,
27.922,
23.439,
29.884,
27.847,
29.234,
27.559,
25.174,
28.622,
26.356,
26.242,
23.477,
29.530,
23.818,
23.938,
30.033,
28.671,
24.834,
26.723,
29.745,
27.647,
28.466,
28.686,
26.764,
27.584,
23.138,
30.189,
26.385,
23.824,
25.687,
27.432,
29.592,
26.023,
25.303,
29.064,
23.082,
30.271,
23.259,
26.632,
27.944,
23.520,
25.523,
23.656,
27.347,
29.606,
27.190,
25.670,
25.023,
29.663,
29.669,
28.324,
25.697,
23.457,
24.281,
25.594,
30.721,
25.553,
29.936,
29.684,
29.489,
24.748,
26.958,
28.631,
23.761,
26.013,
28.186,
24.948,
25.955,
27.896,
28.573,
24.388,
29.898,
27.158,
30.721,
29.270,
24.757,
24.936,
30.840,
28.446,
28.153,
26.299,
24.510,
28.456,
26.708,
29.128,
24.128,
28.135,
25.194,
29.278,
24.435,
23.473,
23.353,
27.728,
25.687,
28.636,
23.319,
27.927,
27.448,
26.912,
30.843,
28.309,
24.057,
29.668,
30.718,
28.860,
27.242,
27.901,
27.899,
25.430,
25.475,
29.718,
23.012,
23.230,
27.312,
23.822,
30.538,
25.845,
26.306,
30.512,
30.786,
30.570,
30.054,
27.296,
28.100,
28.573,
29.078,
26.493,
26.146,
26.745,
23.253,
29.113,
28.391,
26.848,
28.828,
26.946,
23.215,
26.716,
25.072,
23.379,
25.188,
26.509,
25.982,
23.258,
30.859,
25.021,
24.044,
27.390,
24.794,
30.611,
23.792,
23.941,
26.048,
26.203,
24.793,
24.852,
29.972,
23.133,
25.966,
26.670,
23.150,
29.075,
23.474,
28.244,
29.912,
24.293,
26.636,
25.741,
23.915,
28.314,
28.689,
26.161,
24.586,
29.039,
24.214,
27.991,
30.023,
26.939,
27.711,
23.260,
23.435,
23.629,
30.950,
29.586,
24.488,
28.874,
26.631,
25.893,
27.148,
26.621,
29.367,
30.691,
27.326,
30.865,
25.163,
25.429,
29.022,
23.789,
28.074,
25.985,
28.437,
29.514,
25.923,
27.165,
30.123,
29.150,
26.090,
23.758,
26.575,
26.936,
26.149,
28.646,
23.411,
25.070,
30.986,
24.494,
29.988,
27.917,
23.495,
29.747,
30.270,
29.232,
28.882,
24.624,
29.186,
23.771,
25.106,
27.746,
24.877,
28.803,
25.126,
28.343,
23.825,
27.984,
25.328,
30.398,
23.988,
29.728,
25.204,
26.910,
25.867,
25.906,
25.872,
28.171,
24.069,
28.357,
25.936,
25.829,
29.988,
23.833,
30.597,
24.464,
30.116,
25.364,
23.887,
29.696,
30.198,
27.397,
30.011,
30.349,
23.915,
27.347,
23.329,
26.242,
27.242,
26.161,
27.124,
24.850,
27.908,
28.792,
29.630,
25.609,
27.629,
26.469,
29.790,
27.099,
28.957,
29.999,
28.724,
29.714,
24.098,
26.353,
28.964,
23.627,
27.232,
24.929,
29.899,
26.055,
24.533,
23.023,
24.600,
25.057,
28.477,
29.832,
24.067,
25.622,
23.125,
24.234,
30.225,
24.553,
30.372,
25.198,
29.043,
23.953,
30.495,
25.709,
28.603,
29.473,
27.898,
29.071,
26.832,
27.709,
30.668,
26.891,
27.256,
25.968,
27.417,
23.208,
27.503,
27.680,
25.815,
30.286,
24.205,
23.408,
27.203,
26.645,
27.149,
27.813,
23.865,
27.748,
23.793,
24.674,
24.693,
25.091,
26.303,
23.435,
30.683,
25.402,
23.363,
28.825,
29.266,
26.773,
29.479,
28.606,
30.723,
28.064,
27.445,
29.060,
25.020,
24.731,
23.416,
26.211,
29.654,
23.321,
23.714,
26.768,
29.749,
30.431,
25.777,
25.386,
24.300,
28.913,
24.213,
28.861,
30.639,
24.024,
27.728,
25.664,
27.378,
24.407,
23.200,
24.750,
29.082,
24.351,
25.493,
23.964,
23.440,
25.999,
25.063,
28.049,
24.852,
26.759,
29.503,
29.342,
25.273,
25.571,
23.901,
24.663,
24.532,
23.721,
26.497,
26.495,
29.617,
29.440,
28.323,
29.422,
23.155,
27.362,
24.779,
30.801,
30.171,
30.678,
24.178,
29.571,
25.117,
23.059,
28.331,
23.940,
28.012,
26.562,
27.991,
30.094,
30.373,
24.727,
30.559,
24.854,
26.271,
30.954,
30.887,
29.503,
25.798,
23.102,
27.042,
28.454,
30.855,
28.343,
28.431,
23.973,
29.588,
29.861,
25.315,
26.861,
29.432,
29.819,
29.738,
23.454,
28.232,
26.618,
24.839,
23.420,
28.662,
30.751,
29.944,
24.374,
26.917,
28.068,
26.352,
24.526,
25.881,
24.719,
29.313,
29.115,
26.555,
28.613,
25.627,
29.499,
23.692,
24.554,
25.773,
24.078,
26.987,
25.400,
25.939,
28.512,
23.791,
23.731,
28.547,
23.784,
28.678,
23.946,
28.684,
28.051,
23.727,
28.553,
28.530,
30.533,
30.851,
27.655,
26.002,
24.848,
26.488,
27.055,
27.479,
23.036,
29.034,
25.014,
24.644,
29.584,
28.769,
25.091,
23.410,
23.600,
30.460,
23.203,
23.478,
26.937,
25.568,
27.653,
26.136,
26.306,
26.916,
29.187,
25.008,
28.587,
28.111,
26.948,
30.972,
28.568,
28.549,
26.521,
27.058,
28.895,
29.841,
25.238,
23.970,
29.024,
24.065,
25.695,
28.419,
24.731,
30.698,
30.527,
28.502,
23.895,
23.908,
23.181,
30.699,
27.658,
29.959,
30.801,
30.565,
24.820,
25.940,
28.509,
25.720,
27.908,
30.526,
27.791,
28.459,
26.225,
26.345,
25.976,
30.184,
28.131,
27.548,
27.628,
30.656,
27.893,
27.076,
24.270,
29.250,
30.305,
30.399,
27.236,
26.339,
26.324,
29.118,
25.202,
30.588,
23.419,
26.773,
28.755,
26.635,
25.721,
29.467,
27.070,
28.886,
29.426,
28.972,
27.322,
30.726,
26.801,
25.341,
24.050,
23.833,
25.184,
23.376,
30.509,
30.185,
24.498,
30.514,
24.861,
27.172,
29.751,
27.338,
25.112,
29.578,
27.940,
26.144,
23.135,
29.800,
25.389,
23.921,
26.036,
23.071,
24.990,
27.043,
23.321,
27.317,
27.911,
23.478,
27.821,
27.055,
28.574,
23.315,
29.783,
29.547,
27.808,
26.639,
27.842,
27.456,
25.399,
26.765,
27.576,
25.919,
25.291,
26.803,
25.328,
24.508,
29.379,
23.022,
26.133,
23.225,
24.668,
26.323,
27.831,
25.494,
23.597,
26.215,
30.431,
29.747,
29.836,
29.486,
23.179,
23.775,
25.835,
27.290,
23.820,
24.377,
30.390,
24.122,
28.895,
28.439,
24.613,
30.774,
28.705,
23.804,
29.836,
26.846,
23.558,
27.972,
28.713,
29.327,
23.105,
30.628,
25.636,
26.681,
26.188,
30.852,
27.011,
29.225,
27.770,
28.898,
23.374,
24.240,
26.262,
29.528,
27.268,
27.845,
25.922,
28.012,
28.028,
29.827,
23.381,
23.052,
25.881,
29.015,
26.885,
26.410,
23.597,
28.872,
26.142,
25.570,
23.283,
25.024,
25.274,
30.715,
23.743,
27.753,
23.890,
26.108,
30.912,
29.103,
25.176,
30.154,
29.663,
23.899,
28.256,
30.274,
26.022,
27.532,
28.417,
29.680,
25.256,
24.429,
25.886,
23.053,
30.357,
24.117,
23.431,
23.627,
26.337,
30.105,
27.102,
23.189,
28.649,
25.877,
27.877,
25.066,
25.137,
29.975,
29.330,
23.457,
24.608,
24.077,
30.440,
29.978,
23.201,
25.753,
24.382,
27.669,
25.498,
23.273,
26.473,
27.575,
27.523,
23.363,
30.283,
24.176,
30.525,
29.782,
25.850,
23.799,
25.479,
27.866,
24.037,
30.971,
23.568,
29.175,
30.419,
24.948,
28.761,
29.752,
26.154,
29.450,
29.667,
30.677,
28.901,
25.327,
29.625,
30.961,
23.618,
29.865,
26.186,
23.984,
24.446,
28.469,
24.576,
27.711,
27.926,
29.834,
28.912,
25.846,
24.915,
30.119,
29.837,
30.228,
24.980,
28.096,
25.213,
30.642,
24.819,
26.179,
25.070,
27.644,
26.985,
26.983,
27.276,
26.583,
29.956,
30.156,
26.261,
27.936,
26.360,
25.577,
30.504,
29.289,
25.012,
23.235,
27.731,
28.615,
30.019,
24.897,
27.554,
30.914,
23.605,
29.329,
27.088,
27.505,
25.611,
23.117,
23.979,
28.095,
28.493,
25.806,
29.033,
28.100,
24.053,
23.622,
29.397,
30.295,
30.852,
30.593,
28.253,
24.923,
29.274,
30.402,
26.025,
28.926,
29.880,
28.588,
25.250,
29.823,
30.460,
28.344,
26.195,
24.630,
26.562,
26.669,
29.890,
23.666,
27.558,
26.637,
27.430,
23.747,
25.842,
23.896,
26.334,
24.099,
23.013,
24.204,
24.705,
28.605,
28.178,
23.959,
29.561,
24.498,
30.697,
29.149,
24.066,
24.015,
26.703,
23.770,
29.117,
24.999,
28.465,
25.214,
26.766,
24.127,
29.942,
30.790,
27.883,
24.342,
24.997,
29.659,
29.439,
25.939,
25.658,
27.263,
24.391,
28.104,
23.212,
26.580,
26.281,
25.793,
29.751,
28.432,
27.966,
30.269,
29.197,
25.877,
28.261,
25.372,
27.512,
26.083,
26.511,
28.050,
27.987,
30.339,
24.833,
25.656,
26.706,
30.791,
24.788,
26.109,
28.632,
26.488,
29.514,
23.990,
27.029,
28.041,
27.116,
30.363,
28.282,
28.134,
28.977,
28.689,
23.138,
29.445,
24.207,
23.801,
26.910,
26.428,
23.176,
26.784,
27.225,
30.525,
28.699,
