37.025,
44.006,
43.517,
40.631,
42.101,
36.929,
40.544,
37.105,
36.518,
43.899,
44.166,
39.143,
41.266,
44.175,
40.459,
42.437,
35.313,
44.224,
35.527,
38.109,
40.821,
44.618,
43.914,
44.640,
36.919,
35.683,
35.635,
44.586,
41.863,
36.530,
37.467,
35.528,
36.970,
39.812,
35.152,
40.055,
35.511,
42.517,
40.044,
42.216,
37.437,
38.225,
39.178,
41.235,
35.136,
38.357,
37.838,
42.475,
43.441,
44.275,
41.021,
37.841,
36.811,
44.701,
39.693,
42.716,
36.559,
40.407,
42.397,
38.817,
40.820,
42.896,
44.912,
38.938,
44.445,
40.056,
41.843,
42.761,
36.830,
44.032,
41.357,
37.532,
42.441,
39.846,
43.873,
41.431,
43.965,
39.927,
39.290,
44.286,
36.632,
38.924,
36.949,
44.245,
40.576,
39.674,
37.360,
41.431,
39.361,
44.163,
37.904,
43.417,
41.239,
39.430,
42.766,
42.746,
41.843,
37.739,
38.110,
42.512,
43.940,
39.525,
37.293,
41.253,
37.380,
44.920,
43.720,
41.747,
37.460,
40.025,
43.206,
35.365,
36.619,
44.197,
43.301,
42.186,
38.748,
36.707,
44.691,
43.462,
37.181,
38.115,
35.364,
38.353,
42.136,
44.967,
40.197,
38.778,
41.414,
38.002,
44.193,
35.008,
39.143,
44.165,
40.705,
44.187,
35.999,
38.874,
43.073,
42.410,
37.787,
37.445,
43.986,
42.117,
35.882,
44.925,
44.721,
44.457,
44.684,
41.104,
39.440,
44.243,
37.698,
42.490,
40.923,
44.194,
38.945,
41.669,
44.012,
43.399,
36.114,
42.488,
39.341,
42.069,
36.577,
40.627,
36.377,
35.984,
42.134,
40.053,
37.455,
38.790,
44.305,
43.965,
42.187,
36.122,
36.324,
42.389,
43.605,
42.305,
35.411,
35.563,
35.047,
42.053,
35.695,
44.657,
36.164,
43.456,
35.104,
44.756,
36.766,
42.871,
36.769,
41.643,
39.383,
36.520,
43.694,
35.015,
44.581,
39.535,
35.603,
39.269,
39.436,
35.496,
39.189,
40.119,
44.135,
39.964,
41.950,
42.864,
43.340,
43.938,
41.792,
36.830,
41.287,
37.046,
39.936,
42.287,
44.212,
39.810,
44.976,
41.615,
43.504,
43.116,
42.752,
38.997,
36.050,
36.202,
35.974,
35.832,
35.145,
41.575,
41.334,
36.744,
41.209,
36.477,
41.681,
40.982,
40.382,
37.121,
43.772,
44.589,
36.730,
35.775,
37.377,
42.087,
42.634,
36.874,
38.056,
36.756,
41.533,
43.013,
36.890,
38.645,
37.221,
42.704,
40.894,
44.287,
38.380,
41.232,
42.231,
44.641,
37.780,
39.031,
39.241,
43.559,
40.226,
43.058,
39.332,
44.509,
35.397,
37.320,
36.608,
38.229,
37.076,
37.797,
38.776,
42.644,
39.927,
43.460,
37.940,
39.631,
37.554,
43.443,
41.657,
38.726,
38.308,
42.641,
41.449,
36.399,
42.587,
38.147,
35.623,
35.358,
35.385,
41.968,
43.816,
42.795,
39.820,
36.459,
42.786,
40.146,
40.012,
40.065,
42.473,
42.033,
40.249,
35.680,
43.008,
36.995,
35.377,
44.044,
38.821,
41.461,
39.050,
36.864,
41.636,
37.317,
36.949,
44.176,
39.798,
44.435,
39.771,
35.600,
36.223,
44.098,
44.795,
35.182,
39.012,
37.856,
44.148,
35.153,
35.739,
43.466,
44.794,
35.034,
38.916,
40.409,
35.277,
37.909,
42.334,
36.954,
39.602,
39.701,
37.232,
36.632,
41.755,
44.989,
38.120,
39.140,
37.342,
35.034,
36.457,
40.587,
36.019,
41.287,
35.139,
38.040,
35.614,
44.332,
36.130,
36.857,
36.726,
40.242,
40.133,
39.786,
35.265,
35.361,
37.455,
41.697,
41.500,
36.028,
36.043,
41.366,
36.988,
35.554,
37.500,
37.428,
40.506,
41.590,
36.955,
38.556,
36.044,
44.332,
39.039,
38.622,
41.564,
42.491,
38.760,
37.919,
37.736,
36.229,
40.209,
38.171,
39.747,
37.846,
44.284,
41.252,
42.281,
42.526,
37.300,
41.840,
39.232,
40.908,
38.937,
36.332,
41.140,
35.595,
37.673,
37.526,
44.780,
43.250,
37.209,
40.791,
36.614,
43.673,
39.950,
38.499,
39.018,
39.016,
37.753,
40.782,
39.571,
36.582,
39.939,
38.825,
43.098,
42.867,
42.813,
39.728,
42.023,
43.846,
38.410,
39.245,
39.712,
44.374,
35.324,
38.101,
41.464,
41.541,
38.094,
43.878,
43.245,
43.272,
42.622,
37.361,
41.666,
43.559,
36.095,
44.180,
36.866,
36.211,
41.387,
36.335,
42.074,
39.077,
42.327,
43.034,
38.300,
42.716,
37.568,
42.864,
39.832,
43.929,
42.574,
40.218,
39.138,
37.915,
40.547,
39.463,
41.113,
39.987,
37.913,
36.387,
38.813,
36.808,
36.582,
37.017,
36.297,
37.193,
41.784,
35.863,
43.541,
36.485,
37.974,
41.434,
36.844,
35.632,
43.248,
42.449,
44.750,
40.719,
40.344,
41.478,
42.250,
41.540,
35.352,
35.382,
37.034,
39.699,
39.566,
41.123,
44.015,
44.579,
35.723,
36.552,
43.260,
35.605,
38.037,
38.919,
37.425,
39.754,
36.675,
43.195,
44.696,
44.896,
40.051,
35.086,
37.137,
41.780,
36.688,
38.977,
36.449,
36.777,
39.462,
41.870,
37.072,
44.991,
43.040,
38.009,
38.448,
36.888,
36.443,
39.487,
44.139,
44.850,
36.394,
37.014,
38.169,
41.254,
37.764,
44.898,
35.577,
42.895,
43.008,
44.410,
37.078,
44.468,
43.891,
43.936,
39.040,
40.114,
37.319,
40.009,
38.958,
36.493,
35.024,
43.681,
37.167,
40.917,
43.088,
42.749,
39.924,
41.493,
39.464,
40.821,
40.854,
40.637,
43.503,
41.338,
41.249,
36.270,
43.431,
41.319,
37.554,
39.204,
42.534,
39.084,
39.496,
37.297,
39.764,
42.698,
36.101,
36.523,
36.874,
37.797,
41.305,
42.646,
39.900,
35.338,
40.392,
36.594,
40.796,
36.980,
39.272,
38.430,
41.538,
35.337,
37.262,
42.697,
35.832,
38.041,
40.037,
37.464,
43.535,
43.844,
39.085,
40.855,
35.309,
42.495,
37.759,
44.192,
38.306,
37.514,
36.965,
42.873,
43.720,
39.011,
41.592,
41.910,
38.761,
38.438,
40.286,
38.829,
43.996,
41.095,
41.014,
36.885,
39.967,
35.827,
38.307,
36.046,
44.100,
38.854,
39.966,
42.636,
44.298,
43.848,
37.207,
42.263,
43.876,
38.684,
39.883,
42.760,
44.964,
41.629,
38.723,
42.019,
38.814,
39.590,
37.023,
40.763,
39.002,
39.103,
40.008,
39.906,
44.804,
37.255,
42.714,
42.042,
38.692,
41.075,
37.728,
38.799,
44.289,
36.571,
39.466,
44.965,
37.317,
40.054,
44.356,
36.519,
37.816,
42.198,
39.072,
40.594,
41.821,
37.583,
43.868,
39.875,
38.776,
39.130,
36.280,
38.591,
41.464,
38.933,
38.315,
35.361,
42.760,
38.964,
35.342,
41.878,
35.918,
44.568,
39.867,
43.554,
36.797,
41.801,
43.330,
44.983,
37.843,
36.844,
42.653,
42.410,
42.558,
41.753,
41.368,
36.903,
38.626,
41.805,
35.658,
36.270,
43.283,
44.562,
35.909,
37.555,
35.538,
44.591,
38.864,
35.449,
44.973,
42.249,
36.839,
42.741,
43.646,
42.556,
38.481,
42.181,
37.264,
44.557,
37.151,
35.601,
41.893,
39.099,
35.020,
43.445,
40.413,
38.942,
37.167,
35.983,
35.583,
36.532,
37.322,
44.859,
36.884,
41.332,
39.558,
44.712,
40.820,
41.172,
39.584,
44.745,
42.820,
38.098,
40.515,
40.939,
37.381,
44.146,
35.802,
39.782,
43.430,
35.331,
42.676,
43.109,
41.568,
38.454,
43.627,
42.022,
42.426,
41.999,
38.782,
44.606,
39.955,
42.929,
42.363,
36.888,
37.186,
35.630,
36.198,
37.176,
39.705,
35.371,
37.591,
37.218,
37.088,
36.301,
42.657,
43.452,
44.823,
42.547,
36.138,
40.922,
35.044,
35.000,
38.637,
42.072,
43.454,
42.640,
43.476,
43.999,
44.496,
37.749,
43.617,
44.624,
41.013,
40.519,
39.479,
39.730,
41.571,
44.313,
41.297,
38.283,
40.729,
38.196,
38.147,
37.632,
42.648,
37.347,
37.078,
37.825,
44.893,
35.712,
39.390,
43.649,
43.065,
42.958,
40.254,
38.689,
44.819,
38.512,
35.644,
35.780,
37.342,
38.779,
35.938,
35.745,
43.482,
36.227,
42.429,
44.758,
41.553,
36.552,
38.907,
36.095,
43.406,
40.646,
40.389,
37.484,
41.814,
36.614,
41.742,
43.744,
43.111,
35.846,
39.938,
37.028,
38.551,
37.401,
35.960,
38.851,
44.287,
41.076,
40.584,
38.263,
39.861,
40.037,
41.070,
40.472,
43.605,
43.501,
43.217,
42.460,
36.075,
41.614,
44.203,
35.252,
39.421,
36.937,
38.957,
44.026,
39.119,
44.361,
42.494,
35.426,
41.202,
38.144,
39.418,
35.705,
36.237,
39.255,
39.993,
36.038,
38.260,
42.778,
37.861,
38.706,
44.274,
42.555,
38.166,
39.709,
41.913,
40.247,
38.911,
38.243,
36.894,
37.765,
40.480,
44.132,
41.093,
38.185,
37.424,
35.040,
43.474,
35.470,
36.108,
41.964,
38.556,
39.280,
41.515,
42.801,
39.711,
44.397,
42.878,
41.105,
40.540,
37.170,
35.944,
38.720,
36.740,
39.537,
38.765,
36.036,
37.166,
39.076,
44.101,
41.140,
38.271,
43.568,
41.894,
40.257,
39.762,
39.922,
38.708,
35.344,
36.292,
41.138,
35.390,
40.926,
39.870,
42.877,
41.431,
40.291,
35.127,
39.234,
41.574,
44.785,
36.334,
35.156,
40.991,
35.518,
40.854,
42.678,
40.945,
37.036,
35.386,
35.623,
35.152,
43.050,
44.473,
38.226,
39.315,
44.157,
35.909,
39.545,
40.774,
38.287,
36.159,
37.543,
40.466,
37.234,
37.457,
39.622,
40.133,
35.879,
37.295,
41.719,
40.505,
43.396,
36.753,
44.049,
37.998,
39.566,
44.636,
36.536,
41.914,
44.345,
43.635,
39.790,
38.491,
38.820,
