15.706,
16.106,
17.676,
14.718,
16.935,
18.616,
18.950,
17.648,
14.300,
15.484,
14.379,
17.881,
15.832,
16.517,
16.407,
15.530,
18.691,
17.807,
17.223,
16.581,
16.895,
17.904,
18.306,
16.065,
18.458,
18.138,
19.418,
19.443,
17.208,
17.432,
16.406,
16.509,
18.836,
15.070,
18.933,
16.148,
14.383,
19.088,
15.751,
17.032,
17.053,
15.142,
15.786,
15.240,
16.873,
17.357,
18.478,
17.207,
14.906,
19.912,
14.055,
19.305,
18.499,
16.221,
17.175,
18.997,
16.653,
17.912,
15.221,
15.972,
15.494,
17.765,
19.361,
16.964,
18.324,
14.897,
15.197,
19.800,
19.551,
14.875,
18.238,
15.715,
15.911,
17.881,
15.433,
17.853,
16.441,
15.932,
15.041,
15.714,
14.045,
19.088,
14.111,
17.149,
18.989,
19.867,
17.853,
14.259,
14.178,
18.681,
17.707,
16.785,
17.139,
17.028,
19.244,
19.533,
14.725,
15.230,
14.760,
19.821,
15.856,
16.949,
14.906,
16.545,
14.101,
19.553,
19.515,
15.863,
16.977,
19.145,
14.489,
15.730,
18.343,
14.884,
19.129,
16.397,
18.552,
15.937,
14.160,
18.572,
14.058,
18.531,
17.386,
17.976,
18.635,
18.474,
18.868,
17.983,
19.711,
16.085,
17.472,
15.806,
16.871,
15.688,
19.746,
16.033,
18.759,
15.487,
16.665,
19.897,
16.740,
15.107,
19.194,
16.022,
15.349,
16.683,
14.147,
16.316,
15.446,
17.212,
18.195,
14.358,
16.577,
17.214,
15.950,
14.564,
16.723,
16.510,
14.666,
16.204,
18.975,
18.929,
16.550,
14.751,
16.652,
16.880,
17.145,
17.949,
17.601,
14.141,
18.394,
17.080,
18.553,
16.825,
14.347,
18.296,
19.883,
19.172,
18.285,
15.766,
17.129,
17.014,
19.624,
15.602,
17.507,
17.864,
15.519,
17.511,
18.740,
14.845,
16.570,
18.371,
16.983,
14.781,
18.632,
16.560,
15.648,
17.140,
19.024,
14.102,
15.570,
19.804,
19.975,
19.373,
17.700,
19.594,
17.847,
18.275,
18.503,
16.048,
15.700,
15.928,
14.376,
14.821,
19.639,
18.444,
18.788,
16.496,
15.073,
16.297,
14.499,
17.240,
16.559,
19.235,
18.156,
19.550,
19.743,
16.018,
15.259,
19.202,
14.324,
19.862,
19.315,
19.519,
14.411,
18.868,
16.975,
14.093,
17.153,
15.536,
15.361,
18.175,
15.035,
18.501,
18.383,
19.961,
16.861,
18.559,
17.216,
14.081,
18.014,
19.808,
17.967,
19.593,
14.422,
15.297,
16.335,
17.051,
16.431,
19.327,
14.116,
19.788,
14.319,
16.988,
15.203,
16.755,
17.796,
16.161,
19.450,
18.556,
19.864,
19.950,
19.503,
18.204,
16.885,
14.712,
19.700,
14.845,
17.725,
14.162,
16.437,
16.859,
16.412,
17.744,
19.564,
19.104,
15.878,
15.892,
14.490,
16.233,
16.675,
16.556,
16.230,
17.099,
17.922,
16.053,
17.734,
17.922,
15.302,
15.948,
18.495,
19.414,
17.399,
14.274,
19.798,
18.728,
14.829,
14.850,
19.467,
16.637,
19.438,
19.993,
19.831,
15.805,
19.817,
19.438,
18.419,
15.609,
14.695,
17.296,
16.862,
16.123,
19.565,
18.000,
17.033,
14.055,
15.115,
15.212,
14.110,
15.853,
17.108,
14.735,
16.480,
17.491,
17.458,
16.247,
17.628,
17.642,
19.978,
14.224,
19.410,
16.190,
19.854,
19.950,
15.784,
16.759,
18.965,
17.701,
16.460,
16.737,
18.449,
18.341,
15.922,
16.057,
15.387,
16.281,
14.950,
18.025,
18.808,
17.948,
18.451,
19.864,
19.724,
19.202,
18.048,
19.763,
18.976,
14.157,
18.318,
14.465,
19.475,
18.865,
15.685,
19.139,
15.405,
17.596,
14.081,
18.205,
19.541,
15.347,
15.452,
14.230,
17.165,
14.879,
14.538,
15.067,
19.598,
16.480,
18.178,
15.146,
15.795,
14.544,
19.704,
19.063,
18.517,
14.078,
15.708,
18.757,
14.848,
14.103,
16.224,
19.907,
16.076,
17.426,
15.906,
15.613,
14.529,
17.329,
17.326,
15.637,
14.778,
14.517,
14.347,
15.538,
14.510,
14.329,
15.222,
15.175,
14.223,
18.077,
19.267,
18.434,
17.972,
14.778,
19.484,
16.856,
16.645,
19.944,
18.463,
16.933,
18.783,
17.700,
16.325,
14.418,
18.596,
17.208,
15.371,
16.840,
16.129,
17.799,
18.632,
14.039,
18.127,
17.995,
18.857,
17.807,
15.114,
17.928,
18.203,
18.333,
18.354,
14.142,
17.920,
18.830,
16.266,
18.128,
17.292,
18.246,
14.298,
18.500,
19.601,
19.726,
16.233,
17.410,
19.851,
19.284,
19.742,
18.449,
16.289,
17.773,
14.795,
15.953,
18.424,
15.756,
14.293,
16.676,
18.651,
15.261,
17.725,
16.975,
15.247,
18.693,
15.121,
19.702,
18.828,
15.938,
15.631,
18.751,
18.328,
19.578,
15.273,
14.041,
16.844,
19.744,
15.406,
14.312,
14.045,
16.124,
14.955,
16.966,
15.693,
16.191,
18.866,
15.678,
15.455,
15.985,
15.919,
18.441,
19.486,
14.994,
18.937,
14.218,
19.432,
19.000,
16.943,
17.083,
16.404,
19.494,
18.502,
18.299,
16.928,
14.547,
18.964,
15.347,
14.031,
16.311,
15.350,
18.036,
15.460,
17.860,
19.939,
19.944,
19.673,
17.410,
18.401,
15.896,
14.615,
16.474,
17.026,
18.027,
15.880,
15.333,
18.319,
18.752,
15.424,
19.913,
15.782,
19.642,
15.280,
16.953,
18.353,
15.091,
19.564,
19.003,
14.414,
16.955,
18.080,
17.238,
18.456,
18.004,
19.780,
19.494,
18.776,
16.205,
16.020,
19.435,
18.505,
18.115,
18.477,
15.717,
19.536,
15.893,
15.055,
19.501,
14.247,
14.067,
18.407,
15.157,
18.393,
19.785,
14.118,
14.102,
18.459,
19.198,
19.758,
14.479,
15.105,
17.790,
14.708,
15.072,
17.440,
15.099,
18.427,
18.378,
18.759,
18.031,
14.142,
17.658,
14.284,
19.812,
15.898,
18.107,
15.601,
16.609,
17.225,
19.838,
15.376,
15.247,
17.621,
17.666,
16.087,
18.739,
17.633,
17.708,
19.221,
15.241,
17.059,
16.922,
16.516,
17.076,
17.465,
15.295,
14.244,
19.209,
14.263,
17.960,
17.835,
15.083,
17.290,
19.860,
17.614,
14.309,
15.362,
19.119,
19.414,
14.825,
16.792,
16.009,
16.301,
15.683,
19.509,
15.037,
15.897,
18.863,
16.155,
16.363,
14.193,
16.640,
14.176,
14.734,
19.733,
19.141,
15.272,
15.496,
19.116,
18.261,
14.624,
18.034,
19.716,
16.807,
15.000,
14.618,
14.942,
18.221,
16.122,
14.018,
19.126,
19.989,
15.004,
14.153,
19.297,
19.689,
17.243,
16.054,
19.301,
16.073,
16.964,
14.823,
15.296,
14.311,
19.084,
16.710,
15.629,
17.845,
19.323,
16.431,
16.413,
17.050,
19.750,
15.772,
16.415,
17.540,
18.136,
15.001,
15.441,
14.838,
16.908,
18.645,
18.760,
16.480,
16.749,
18.269,
16.698,
15.982,
14.246,
19.096,
17.958,
19.056,
14.920,
16.101,
14.411,
16.131,
19.398,
18.611,
17.343,
17.760,
19.256,
15.572,
18.607,
17.570,
15.910,
16.939,
19.974,
15.662,
18.210,
14.444,
14.197,
19.398,
14.194,
19.439,
15.047,
16.974,
17.881,
15.677,
15.565,
19.939,
17.095,
17.608,
16.550,
18.727,
15.357,
14.621,
15.746,
17.292,
16.416,
17.521,
14.176,
19.317,
15.443,
14.219,
14.768,
19.557,
16.782,
18.467,
19.693,
18.143,
15.265,
14.570,
15.298,
17.161,
18.599,
15.797,
17.907,
18.268,
17.629,
17.742,
15.016,
18.341,
14.069,
16.942,
16.594,
19.904,
17.070,
17.597,
18.035,
19.882,
15.844,
19.443,
16.463,
16.029,
18.155,
19.578,
14.530,
16.880,
19.450,
18.271,
18.366,
14.164,
19.429,
14.180,
19.420,
17.449,
17.903,
18.330,
16.685,
18.862,
15.834,
18.370,
18.419,
18.872,
14.539,
19.885,
15.905,
16.284,
19.447,
17.743,
14.702,
18.554,
16.309,
16.022,
19.907,
19.856,
17.689,
18.046,
18.835,
18.960,
15.082,
16.016,
14.987,
16.796,
17.696,
15.483,
16.646,
19.183,
19.869,
14.920,
19.844,
14.616,
16.434,
18.346,
14.282,
19.135,
17.249,
17.056,
14.052,
19.331,
14.092,
19.249,
19.098,
19.470,
15.904,
16.962,
14.565,
18.246,
18.824,
18.994,
15.390,
14.671,
14.790,
15.553,
19.236,
18.261,
16.395,
15.167,
16.819,
18.692,
18.371,
14.915,
17.992,
18.523,
15.788,
16.838,
15.012,
18.474,
18.621,
19.759,
17.311,
18.149,
18.982,
18.166,
16.684,
16.863,
16.772,
17.841,
18.982,
19.244,
17.589,
18.718,
19.627,
19.947,
18.116,
16.970,
15.748,
19.717,
15.329,
17.895,
14.728,
18.435,
14.903,
19.116,
14.529,
19.796,
19.618,
16.018,
17.196,
15.637,
18.709,
16.620,
14.088,
15.143,
19.386,
16.354,
15.760,
18.029,
17.275,
17.751,
16.739,
15.438,
14.203,
19.926,
18.895,
15.729,
15.169,
16.306,
17.943,
16.068,
15.220,
18.898,
15.281,
19.630,
18.197,
14.331,
14.438,
18.595,
18.121,
17.876,
15.035,
14.122,
17.695,
15.169,
19.963,
18.181,
18.574,
17.275,
14.777,
18.273,
17.922,
18.134,
17.146,
17.813,
15.463,
14.598,
15.326,
19.874,
14.663,
16.887,
15.375,
17.057,
15.151,
18.728,
14.486,
15.734,
18.622,
19.662,
16.377,
17.682,
16.692,
17.910,
15.157,
14.085,
15.338,
18.950,
14.952,
19.436,
17.499,
17.908,
19.423,
17.529,
19.881,
19.654,
16.498,
14.414,
19.870,
19.317,
17.903,
16.606,
14.319,
15.370,
14.497,
19.900,
15.777,
14.786,
17.413,
17.511,
17.580,
14.986,
14.487,
14.921,
16.219,
17.087,
14.110,
15.294,
19.863,
19.166,
15.317,
19.029,
16.921,
14.281,
16.104,
15.708,
