19.592,
16.349,
16.674,
16.616,
17.180,
16.357,
17.607,
19.222,
18.151,
17.584,
17.008,
18.132,
16.741,
15.571,
18.944,
17.190,
16.244,
14.754,
17.489,
17.772,
19.769,
15.655,
14.226,
14.389,
16.714,
16.057,
14.259,
15.543,
16.394,
18.655,
15.578,
18.267,
17.936,
15.548,
17.493,
14.152,
18.795,
14.494,
17.539,
17.964,
15.482,
14.430,
14.778,
17.086,
18.495,
19.847,
19.256,
18.688,
16.765,
17.924,
18.179,
19.723,
14.063,
19.597,
19.751,
14.196,
19.063,
17.476,
14.584,
18.332,
16.821,
18.531,
15.370,
17.829,
14.278,
16.416,
16.069,
15.392,
17.670,
16.955,
17.003,
17.641,
18.726,
19.577,
18.533,
16.048,
19.009,
19.091,
16.779,
19.673,
16.316,
17.533,
16.782,
18.298,
15.878,
17.645,
15.878,
14.929,
16.106,
19.109,
17.702,
18.615,
16.771,
18.211,
15.775,
18.281,
16.287,
15.967,
18.293,
17.411,
18.230,
16.904,
15.965,
17.294,
17.074,
17.610,
16.171,
15.736,
18.134,
15.219,
19.848,
16.980,
18.740,
14.039,
16.479,
16.311,
15.501,
17.904,
17.264,
16.461,
14.652,
15.488,
17.513,
16.337,
16.765,
15.046,
14.962,
19.474,
16.500,
15.904,
16.476,
17.512,
17.418,
15.713,
19.209,
16.392,
17.920,
15.094,
14.133,
17.987,
19.531,
15.537,
14.961,
18.493,
19.365,
18.806,
19.822,
18.171,
14.852,
14.676,
18.192,
19.428,
17.839,
15.261,
18.086,
19.327,
16.805,
15.530,
18.281,
17.270,
14.096,
14.594,
18.717,
17.572,
18.915,
16.401,
15.580,
17.357,
19.043,
19.257,
14.068,
19.041,
14.633,
19.190,
18.240,
14.479,
19.877,
15.956,
16.809,
19.441,
17.697,
15.787,
14.670,
15.270,
18.306,
14.321,
16.245,
16.302,
14.652,
16.474,
17.131,
17.447,
15.059,
17.848,
16.246,
19.711,
18.347,
19.095,
18.126,
15.839,
16.339,
15.136,
14.601,
18.441,
16.191,
17.778,
14.951,
18.180,
18.487,
15.105,
16.045,
18.425,
14.848,
16.125,
17.316,
19.360,
15.638,
16.581,
17.978,
16.668,
17.016,
19.435,
19.376,
19.940,
18.240,
17.611,
15.393,
17.036,
14.874,
19.671,
14.307,
16.084,
19.852,
16.226,
19.795,
19.363,
15.658,
19.767,
19.549,
17.242,
19.383,
18.300,
18.917,
16.852,
17.896,
17.750,
17.959,
14.197,
19.015,
15.795,
14.275,
15.545,
14.796,
16.191,
19.532,
16.326,
15.548,
19.488,
18.844,
14.946,
17.554,
17.999,
14.812,
14.419,
18.989,
17.263,
16.654,
19.933,
17.141,
14.771,
14.676,
18.767,
16.335,
19.412,
15.885,
17.505,
18.564,
14.510,
16.578,
16.340,
18.645,
17.498,
17.397,
16.164,
19.247,
16.012,
16.985,
19.143,
17.038,
15.694,
15.840,
14.903,
17.476,
14.151,
18.881,
14.786,
19.129,
17.181,
16.024,
19.948,
16.507,
15.685,
14.340,
18.333,
15.040,
14.055,
18.491,
16.721,
19.425,
16.892,
17.289,
18.381,
14.038,
14.532,
15.031,
18.850,
17.578,
15.650,
19.928,
19.856,
18.752,
15.854,
18.500,
19.549,
19.772,
15.261,
17.841,
14.931,
18.171,
17.619,
14.332,
17.847,
15.160,
15.539,
16.528,
17.610,
16.193,
18.751,
18.022,
14.589,
19.852,
16.225,
14.259,
14.015,
15.216,
18.585,
16.820,
14.763,
18.394,
14.639,
14.860,
19.286,
15.931,
16.867,
15.602,
19.573,
17.988,
15.455,
17.893,
18.967,
19.744,
17.229,
16.567,
16.758,
16.527,
17.618,
14.607,
18.453,
17.305,
16.114,
19.932,
16.445,
15.086,
19.388,
18.312,
15.479,
18.282,
18.236,
15.617,
14.606,
14.301,
15.035,
15.376,
19.946,
18.033,
18.558,
16.874,
19.015,
18.527,
15.193,
19.718,
14.273,
17.937,
19.361,
17.901,
19.618,
15.545,
15.848,
19.741,
18.187,
14.972,
19.162,
18.602,
14.451,
15.733,
17.256,
14.416,
15.113,
17.914,
18.112,
16.124,
14.323,
19.861,
17.134,
15.085,
15.795,
19.654,
15.926,
16.019,
15.947,
19.601,
17.809,
17.318,
15.249,
14.066,
18.731,
15.001,
15.010,
14.788,
15.127,
15.013,
15.911,
15.890,
14.492,
14.454,
17.833,
19.732,
14.215,
14.310,
14.061,
18.447,
19.405,
15.631,
18.907,
14.494,
19.866,
18.896,
16.751,
17.633,
18.854,
16.023,
14.896,
18.887,
17.975,
16.226,
18.227,
18.834,
15.411,
19.197,
14.013,
15.844,
17.837,
16.274,
17.801,
18.815,
14.546,
18.265,
14.687,
19.164,
19.334,
18.686,
14.795,
16.954,
16.132,
17.936,
14.924,
14.538,
19.041,
15.470,
18.259,
14.364,
18.095,
18.688,
18.909,
15.416,
14.307,
16.515,
18.645,
19.285,
16.100,
18.330,
18.067,
15.871,
19.889,
15.271,
15.085,
15.558,
18.581,
16.033,
15.693,
17.225,
15.188,
19.946,
19.009,
19.800,
18.619,
16.358,
15.342,
17.490,
17.217,
14.564,
17.305,
19.373,
16.583,
18.703,
16.561,
19.584,
14.005,
15.523,
15.606,
15.877,
16.119,
17.181,
15.440,
16.851,
19.246,
17.338,
15.674,
17.259,
14.641,
16.442,
14.302,
14.885,
19.055,
19.828,
19.726,
16.648,
15.785,
15.824,
18.736,
17.935,
15.158,
16.813,
15.786,
15.432,
17.222,
15.741,
15.248,
14.497,
15.698,
19.527,
18.206,
19.902,
19.629,
18.020,
19.953,
16.933,
14.634,
14.050,
19.406,
19.922,
18.928,
16.426,
15.652,
18.521,
16.314,
17.491,
15.318,
15.028,
14.281,
14.308,
18.671,
15.151,
19.121,
16.162,
17.023,
19.009,
15.151,
16.270,
18.908,
19.331,
17.260,
19.334,
16.318,
16.961,
18.970,
16.722,
14.069,
16.319,
15.260,
16.013,
18.775,
16.280,
18.237,
19.685,
17.329,
16.822,
19.273,
17.320,
18.561,
16.707,
19.981,
16.743,
18.291,
17.052,
15.444,
18.856,
15.271,
19.234,
19.320,
16.843,
14.860,
15.291,
17.889,
17.868,
14.806,
19.834,
17.966,
16.960,
16.652,
18.165,
19.976,
19.792,
18.937,
19.842,
15.252,
16.003,
16.899,
18.049,
19.527,
17.034,
16.704,
15.082,
15.541,
14.801,
17.717,
14.546,
17.227,
18.566,
15.408,
18.099,
19.270,
16.207,
14.022,
18.532,
17.221,
14.386,
16.299,
16.827,
16.489,
16.658,
17.429,
15.411,
14.777,
15.006,
14.069,
16.047,
17.593,
15.252,
18.353,
15.687,
16.801,
17.003,
19.460,
19.526,
14.535,
17.687,
18.834,
15.656,
19.906,
18.519,
17.233,
18.099,
18.832,
19.349,
15.225,
18.041,
19.090,
17.512,
15.846,
15.291,
14.278,
19.973,
19.885,
17.652,
15.256,
17.237,
14.646,
18.465,
15.307,
16.958,
14.522,
14.648,
14.284,
15.143,
14.726,
16.679,
15.928,
19.135,
17.589,
19.560,
19.420,
14.876,
14.295,
14.130,
18.334,
14.461,
19.544,
16.088,
17.838,
16.961,
17.724,
16.862,
17.194,
14.263,
17.512,
15.866,
17.859,
19.194,
18.487,
16.419,
19.212,
16.718,
16.746,
19.141,
16.323,
16.324,
14.990,
19.165,
14.030,
14.710,
16.385,
16.412,
16.906,
15.761,
19.100,
18.279,
18.811,
18.498,
17.112,
17.474,
17.495,
19.820,
17.359,
18.937,
14.562,
16.901,
17.417,
19.426,
19.443,
17.844,
18.513,
19.690,
18.876,
15.321,
17.639,
18.725,
16.425,
14.010,
19.730,
17.460,
18.059,
17.136,
17.860,
14.678,
19.013,
17.230,
14.355,
18.358,
18.225,
16.511,
14.942,
15.645,
17.914,
15.793,
15.639,
17.099,
18.505,
14.348,
17.879,
16.344,
17.494,
18.149,
17.860,
19.603,
16.214,
19.711,
19.854,
14.400,
18.577,
17.555,
18.778,
14.744,
18.555,
15.473,
14.832,
18.160,
15.138,
15.272,
14.542,
15.124,
19.962,
19.748,
19.009,
16.310,
17.796,
16.541,
15.513,
19.016,
14.866,
15.259,
17.792,
15.211,
14.834,
14.800,
15.503,
16.797,
15.921,
19.439,
16.488,
16.448,
17.492,
18.322,
16.921,
15.473,
16.978,
16.295,
19.425,
19.042,
18.029,
17.165,
18.337,
16.547,
16.060,
17.193,
15.755,
14.326,
15.925,
18.638,
18.294,
19.753,
14.270,
14.346,
15.012,
14.371,
17.665,
18.906,
15.876,
18.387,
15.993,
15.704,
16.124,
17.146,
15.326,
19.472,
14.113,
15.921,
15.201,
16.387,
14.822,
16.092,
15.317,
16.483,
15.177,
18.180,
14.329,
14.247,
19.576,
17.150,
17.455,
14.139,
19.633,
14.957,
14.258,
14.273,
16.483,
14.960,
15.030,
14.380,
19.359,
16.056,
17.011,
18.948,
18.743,
17.756,
18.588,
19.815,
18.248,
15.949,
18.054,
18.959,
19.623,
14.582,
18.497,
15.380,
19.869,
14.306,
17.590,
18.953,
19.432,
14.934,
14.029,
19.343,
19.836,
16.727,
15.768,
16.803,
19.533,
17.350,
19.035,
16.077,
19.433,
16.901,
16.179,
15.865,
14.865,
19.483,
14.741,
17.967,
18.759,
16.977,
17.130,
17.008,
17.409,
18.566,
17.771,
14.204,
15.314,
18.851,
14.630,
18.253,
19.351,
18.257,
14.609,
16.100,
15.629,
16.127,
15.927,
16.992,
16.315,
16.701,
16.934,
14.240,
19.219,
18.824,
15.125,
14.548,
15.784,
17.604,
15.816,
16.686,
15.817,
14.599,
19.650,
19.672,
18.175,
18.122,
15.840,
17.464,
17.823,
17.705,
16.144,
15.497,
16.903,
16.092,
19.855,
16.435,
15.970,
15.477,
15.802,
19.470,
18.312,
15.617,
17.000,
17.338,
15.373,
16.503,
16.161,
17.191,
17.418,
19.552,
14.276,
15.118,
14.369,
18.078,
16.116,
16.426,
17.793,
15.114,
17.393,
18.944,
17.170,
14.898,
17.625,
16.052,
16.724,
16.232,
16.244,
16.832,
16.168,
